11 19 6 11 16 16 0 60
0 0 0 0 0 0 0 0 0 0 0 0 0 0 0 0 0 0 0
1 1 0 0 0 0 0 0 0 0 2 0 0 0 3 0 0 0 4
5 5 5 0 0 0 0 0 0 6 7 0 0 8 9 0 0 10 10
11 11 11 12 13 0 0 14 15 16 17 18 19 0 0 20 21 11 11 
11 11 11 22 5 11 11 23 24 25 26 11 27 11 11 10 28 11 11
11 11 11 11 11 29 30 11 11 11 11 11 11 29 31 11 11 11 11
11 11 11 11 11 32 33 11 11 11 11 11 11 34 35 11 11 11 11
36 36 36 36 36 36 36 37 37 38 39 37 37 36 36 36 36 36 36
40 40 40 41 40 41 42 44 44 45 45 44 44 41 40 40 41 46 46
47 47 47 48 47 49 50 44 44 44 44 44 44 51 47 52 53 52 52
54 54 54 54 54 54 54 44 44 44 44 44 44 54 54 54 54 54 54 54