14 16 7 10 32 32 0 60
0 0 0 0 0 0 0 0 0 0 0 0 0 0 0 0
1 1 1 2 3 4 5 6 7 8 9 10 11 1 1 1
1 1 1 12 13 14 15 1 1 1 1 1 1 1 1 1
1 16 17 18 19 20 21 22 23 24 25 26 27 28 29 1
30 31 32 33 34 35 36 37 38 39 40 41 42 43 44 45
1 46 47 48 49 50 51 52 53 54 55 56 57 58 59 60
1 1 1 61 62 1 1 1 1 63 1 1 1 1 1 1
1 1 1 64 65 1 1 1 1 1 1 1 1 1 1 1
1 1 1 66 67 1 1 1 1 1 1 1 1 1 1 1
1 1 1 1 68 69 70 71 72 73 74 1 1 1 1 1
1 1 75 76 77 78 79 80 81 82 83 84 85 86 1 1
1 1 87 88 89 70 71 72 73 74 75 76 77 78 1 1
79 79 79 79 79 79 79 79 79 79 79 79 79 79 79 79
80 80 80 80 80 80 80 80 80 80 80 80 80 80 80 80